[1] "dat.df"
[1] "con.df"
[1] "con.bool"
            154       259       379        649        786       800       878
154   1.0000000 0.3478261 0.8333333 0.94339623 0.20000000 0.4333333 0.8421053
259   0.3478261 1.0000000 0.5535714 0.17857143 0.53571429 0.9344262 0.3437500
379   0.8333333 0.5535714 1.0000000 0.82608696 0.52173913 0.5000000 0.7142857
649   0.9433962 0.1785714 0.8260870 1.00000000 0.15789474 0.3243243 0.8250000
786   0.2000000 0.5357143 0.5217391 0.15789474 1.00000000 0.5185185 0.5000000
800   0.4333333 0.9344262 0.5000000 0.32432432 0.51851852 1.0000000 0.3157895
878   0.8421053 0.3437500 0.7142857 0.82500000 0.50000000 0.3157895 1.0000000
884   0.2641509 0.6718750 0.2222222 0.20000000 0.67567568 0.6567164 0.3500000
1118  0.7619048 0.5660377 0.8800000 0.65384615 0.50000000 0.5208333 0.7096774
1260  0.8750000 0.4130435 0.8139535 0.84210526 0.40000000 0.4528302 0.6976744
1387  0.8750000 0.3589744 0.9090909 0.88571429 0.35000000 0.1875000 0.8378378
1538  0.7407407 0.4468085 0.8139535 0.78125000 0.59090909 0.3902439 0.6857143
1859  0.7105263 0.5000000 0.9032258 0.73809524 0.27777778 0.3125000 0.6551724
1936  0.4761905 0.3877551 0.5909091 0.50000000 0.53846154 0.3617021 0.4666667
2010  0.5882353 0.5294118 0.7916667 0.54166667 0.73076923 0.4285714 0.7187500
3196  0.8484848 0.5142857 0.9354839 0.84210526 0.26666667 0.3103448 0.7407407
3237  0.7567568 0.5945946 0.7142857 0.80000000 0.36842105 0.5348837 0.7441860
3299  0.8717949 0.6521739 0.5789474 0.79545455 0.53846154 0.6206897 0.8235294
3430  0.7142857 0.4693878 0.8139535 0.65000000 0.61538462 0.3809524 0.7096774
3541  0.9545455 0.3333333 0.5652174 0.93750000 0.38888889 0.4750000 0.7750000
3610  0.8461538 0.5000000 0.8518519 0.85714286 0.18181818 0.3333333 0.7916667
3674  0.8043478 0.3870968 0.7916667 0.79166667 0.13333333 0.4062500 0.6578947
3825  0.7666667 0.4629630 0.8297872 0.63888889 0.51724138 0.3877551 0.6756757
3857  0.9411765 0.4838710 0.6521739 0.89189189 0.21428571 0.5750000 0.7058824
4156  0.8333333 0.4565217 0.7500000 0.77777778 0.35294118 0.3421053 0.6206897
4193  0.8571429 0.4054054 0.4827586 0.82051282 0.29411765 0.4761905 0.7352941
4390  0.5925926 0.4893617 0.6756757 0.64516129 0.36842105 0.4871795 0.5714286
4695  0.3653846 0.7166667 0.1730769 0.29310345 0.51515152 0.7101449 0.2500000
4766  0.8367347 0.6666667 0.5641026 0.84210526 0.31034483 0.6274510 0.6470588
4854  0.6875000 0.5686275 0.8085106 0.54545455 0.59259259 0.5600000 0.7307692
5498  0.8571429 0.2666667 0.8260870 0.92982456 0.12500000 0.2972973 0.8000000
5564  0.7500000 0.3137255 0.8478261 0.81578947 0.46153846 0.2272727 0.8205128
5611  0.7674419 0.6585366 0.5000000 0.78260870 0.40000000 0.6222222 0.6041667
5713  0.9459459 0.4705882 0.8214286 0.97435897 0.22222222 0.4473684 0.7560976
5903  0.8000000 0.4375000 0.9090909 0.83870968 0.58333333 0.3636364 0.7272727
6071  0.9090909 0.5510204 0.8478261 0.62500000 0.54545455 0.5777778 0.6666667
6625  0.7826087 0.4230769 0.8979592 0.77777778 0.47826087 0.4081633 0.7419355
6781  0.1481481 0.5571429 0.1355932 0.12903226 0.64864865 0.5694444 0.2000000
6784  0.7307692 0.5116279 0.8888889 0.81250000 0.41176471 0.4054054 0.6896552
7156  0.4800000 0.3958333 0.5952381 0.50000000 0.54166667 0.3555556 0.5172414
7199  0.8421053 0.4800000 0.7750000 0.72727273 0.58333333 0.5000000 0.6206897
7224  0.8292683 0.3928571 0.6190476 0.80000000 0.18750000 0.4062500 0.7142857
8278  0.7941176 0.6470588 0.3928571 0.76923077 0.35000000 0.6153846 0.7333333
8312  0.8000000 0.4651163 0.9166667 0.86111111 0.26666667 0.3684211 0.7037037
8344  0.7058824 0.6818182 0.2777778 0.62962963 0.16666667 0.6326531 0.6037736
8363  0.8571429 0.5897436 0.8787879 0.88888889 0.35294118 0.5116279 0.7428571
8374  0.2380952 0.7936508 0.3584906 0.20408163 0.66666667 0.8412698 0.3181818
8457  0.9302326 0.4482759 0.8695652 0.88888889 0.27272727 0.4242424 0.8157895
8511  0.8292683 0.3928571 0.8695652 0.91489362 0.07142857 0.4473684 0.8205128
8544  0.8571429 0.4736842 0.8285714 0.72000000 0.50000000 0.3548387 0.7419355
8693  0.8055556 0.5142857 0.9677419 0.86363636 0.35000000 0.4500000 0.7804878
8702  0.9230769 0.3529412 0.8750000 0.91489362 0.38461538 0.4047619 0.7674419
8869  0.3076923 0.8852459 0.4489796 0.16666667 0.55555556 0.9137931 0.3333333
8983  0.7894737 0.4800000 0.7272727 0.70370370 0.40000000 0.5111111 0.5833333
9062  0.7555556 0.7692308 0.4000000 0.76000000 0.18181818 0.7708333 0.6041667
9088  0.5789474 0.5416667 0.7209302 0.47826087 0.42307692 0.4222222 0.5333333
9268  0.8750000 0.4166667 0.8235294 0.95238095 0.00000000 0.4687500 0.7500000
9489  0.8800000 0.2068966 0.8260870 0.94827586 0.16666667 0.2894737 0.8250000
9501  0.8750000 0.5121951 0.8857143 0.89655172 0.37037037 0.5555556 0.7812500
9629  0.9310345 0.5384615 0.7142857 0.94285714 0.14285714 0.5833333 0.8387097
9676  0.6000000 0.4222222 0.8648649 0.66666667 0.52000000 0.3000000 0.6842105
9706  0.7592593 0.4000000 0.6071429 0.76271186 0.68181818 0.4000000 0.6666667
10006 0.8333333 0.7959184 0.7209302 0.69565217 0.53846154 0.7500000 0.5666667
10193 0.2272727 0.9047619 0.5094340 0.03846154 0.51851852 0.9122807 0.2903226
10405 0.7567568 0.5250000 0.8484848 0.76190476 0.42105263 0.3750000 0.8000000
99869 0.1090909 0.5857143 0.1016949 0.07936508 0.67567568 0.5890411 0.1967213
3582  0.1739130 0.3333333 0.4583333 0.19230769        NaN 0.3214286 0.4615385
            884      1118      1260       1387      1538      1859      1936
154   0.2641509 0.7619048 0.8750000 0.87500000 0.7407407 0.7105263 0.4761905
259   0.6718750 0.5660377 0.4130435 0.35897436 0.4468085 0.5000000 0.3877551
379   0.2222222 0.8800000 0.8139535 0.90909091 0.8139535 0.9032258 0.5909091
649   0.2000000 0.6538462 0.8421053 0.88571429 0.7812500 0.7380952 0.5000000
786   0.6756757 0.5000000 0.4000000 0.35000000 0.5909091 0.2777778 0.5384615
800   0.6567164 0.5208333 0.4528302 0.18750000 0.3902439 0.3125000 0.3617021
878   0.3500000 0.7096774 0.6976744 0.83783784 0.6857143 0.6551724 0.4666667
884   1.0000000 0.2500000 0.2222222 0.22641509 0.3272727 0.3750000 0.1206897
1118  0.2500000 1.0000000 0.8974359 0.78378378 0.7708333 0.7368421 0.6511628
1260  0.2222222 0.8974359 1.0000000 0.80645161 0.7906977 0.8620690 0.6086957
1387  0.2264151 0.7837838 0.8064516 1.00000000 0.7954545 0.8000000 0.5000000
1538  0.3272727 0.7708333 0.7906977 0.79545455 1.0000000 0.7619048 0.6086957
1859  0.3750000 0.7368421 0.8620690 0.80000000 0.7619048 1.0000000 0.4571429
1936  0.1206897 0.6511628 0.6086957 0.50000000 0.6086957 0.4571429 1.0000000
2010  0.3214286 0.6938776 0.6585366 0.77142857 0.8043478 0.7272727 0.6470588
3196  0.2291667 0.7352941 0.8518519 0.90909091 0.8500000 0.9166667 0.4838710
3237  0.1774194 0.6551724 0.7857143 0.81481481 0.6206897 0.7058824 0.5000000
3299  0.3137255 0.5238095 0.6785714 0.81818182 0.5000000 0.6000000 0.2777778
3430  0.2881356 0.7234043 0.6750000 0.82978723 0.6981132 0.6734694 0.6046512
3541  0.2295082 0.6666667 0.8409091 0.80000000 0.7142857 0.5882353 0.6285714
3610  0.2857143 0.6451613 0.8125000 0.89285714 0.8148148 0.8181818 0.4800000
3674  0.3214286 0.6071429 0.5588235 0.75757576 0.5666667 0.5609756 0.5714286
3825  0.2615385 0.7647059 0.7500000 0.80434783 0.6800000 0.6739130 0.6122449
3857  0.2075472 0.7600000 0.9230769 0.58823529 0.6666667 0.6000000 0.6333333
4156  0.2500000 0.8048780 0.7333333 0.89743590 0.7142857 0.7708333 0.5405405
4193  0.2413793 0.5000000 0.8205128 0.60869565 0.5600000 0.4642857 0.5454545
4390  0.2830189 0.7317073 0.6216216 0.68421053 0.6511628 0.5348837 0.6511628
4695  0.6444444 0.2549020 0.3043478 0.23404255 0.3207547 0.2040816 0.5423729
4766  0.4266667 0.4871795 0.6111111 0.73913043 0.5555556 0.7111111 0.3488372
4854  0.2777778 0.8372093 0.8666667 0.74074074 0.6315789 0.6923077 0.6734694
5498  0.1833333 0.6153846 0.8000000 0.94594595 0.7187500 0.7906977 0.3333333
5564  0.2500000 0.7551020 0.7608696 0.86000000 0.8103448 0.7659574 0.5652174
5611  0.4852941 0.3548387 0.5681818 0.57142857 0.4516129 0.7142857 0.3235294
5713  0.1500000 0.7692308 0.8750000 0.95833333 0.7200000 0.7333333 0.5806452
5903  0.2241379 0.8600000 0.8333333 0.80952381 0.8269231 0.8000000 0.7142857
6071  0.2608696 0.9302326 0.8421053 0.71428571 0.6842105 0.7391304 0.6875000
6625  0.1509434 0.8958333 0.8222222 0.77777778 0.7659574 0.6969697 0.7142857
6781  0.8613861 0.1967213 0.1470588 0.10714286 0.2459016 0.2711864 0.4000000
6784  0.1600000 0.8181818 0.8125000 0.80000000 0.7692308 0.7906977 0.6486486
7156  0.1454545 0.7045455 0.5952381 0.52631579 0.6666667 0.4864865 0.9649123
7199  0.2264151 0.8636364 0.8250000 0.68750000 0.6666667 0.5937500 0.7959184
7224  0.3090909 0.5217391 0.7352941 0.84000000 0.5714286 0.7272727 0.5200000
8278  0.4754098 0.4642857 0.4473684 0.61764706 0.4062500 0.7241379 0.2666667
8312  0.1764706 0.8048780 0.8064516 0.87179487 0.7804878 0.8478261 0.5500000
8344  0.5394737 0.3750000 0.5400000 0.58139535 0.3181818 0.5116279 0.2051282
8363  0.1636364 0.8108108 0.8611111 0.76923077 0.6857143 0.8387097 0.6052632
8374  0.8125000 0.3636364 0.2857143 0.25490196 0.2727273 0.3725490 0.3050847
8457  0.2000000 0.7600000 0.8235294 0.96875000 0.6551724 0.7837838 0.3913043
8511  0.1454545 0.6666667 0.8157895 0.96153846 0.7037037 0.8125000 0.4230769
8544  0.2826087 0.8235294 0.7600000 0.87804878 0.8285714 0.7777778 0.5937500
8693  0.2295082 0.7575758 0.7692308 0.83870968 0.7500000 0.7812500 0.4411765
8702  0.1904762 0.8387097 0.8600000 0.94117647 0.7428571 0.7187500 0.5405405
8869  0.7049180 0.4791667 0.3255814 0.32500000 0.2954545 0.4358974 0.4117647
8983  0.2115385 0.7826087 0.8250000 0.70967742 0.6136364 0.6363636 0.6666667
9062  0.5074627 0.4375000 0.5652174 0.44444444 0.3611111 0.5428571 0.4054054
9088  0.2280702 0.7441860 0.8181818 0.65625000 0.6904762 0.6774194 0.7777778
9268  0.2264151 0.7058824 0.9090909 0.79166667 0.7272727 0.7419355 0.4583333
9489  0.1896552 0.6153846 0.7894737 1.00000000 0.7575758 0.8500000 0.3571429
9501  0.1454545 0.8529412 0.8727273 0.80000000 0.7297297 0.5769231 0.6818182
9629  0.1489362 0.7894737 0.8750000 0.73333333 0.6470588 0.7777778 0.6538462
9676  0.2903226 0.8181818 0.7435897 0.81632653 0.7500000 0.7307692 0.6279070
9706  0.4179104 0.5151515 0.6279070 0.63414634 0.5789474 0.6956522 0.3548387
10006 0.4814815 0.6829268 0.6097561 0.62857143 0.6744186 0.7741935 0.4468085
10193 0.6718750 0.5490196 0.3636364 0.35135135 0.4255319 0.4054054 0.3333333
10405 0.3333333 0.6285714 0.6333333 0.89130435 0.7073171 0.7735849 0.4411765
99869 0.8823529 0.1803279 0.1159420 0.05357143 0.2131148 0.2203390 0.4000000
3582  0.9523810 0.3333333 0.3750000 0.47058824 0.5200000 0.5238095 0.0000000
           2010       3196       3237       3299      3430      3541       3610
154   0.5882353 0.84848485 0.75675676 0.87179487 0.7142857 0.9545455 0.84615385
259   0.5294118 0.51428571 0.59459459 0.65217391 0.4693878 0.3333333 0.50000000
379   0.7916667 0.93548387 0.71428571 0.57894737 0.8139535 0.5652174 0.85185185
649   0.5416667 0.84210526 0.80000000 0.79545455 0.6500000 0.9375000 0.85714286
786   0.7307692 0.26666667 0.36842105 0.53846154 0.6153846 0.3888889 0.18181818
800   0.4285714 0.31034483 0.53488372 0.62068966 0.3809524 0.4750000 0.33333333
878   0.7187500 0.74074074 0.74418605 0.82352941 0.7096774 0.7750000 0.79166667
884   0.3214286 0.22916667 0.17741935 0.31372549 0.2881356 0.2295082 0.28571429
1118  0.6938776 0.73529412 0.65517241 0.52380952 0.7234043 0.6666667 0.64516129
1260  0.6585366 0.85185185 0.78571429 0.67857143 0.6750000 0.8409091 0.81250000
1387  0.7714286 0.90909091 0.81481481 0.81818182 0.8297872 0.8000000 0.89285714
1538  0.8043478 0.85000000 0.62068966 0.50000000 0.6981132 0.7142857 0.81481481
1859  0.7272727 0.91666667 0.70588235 0.60000000 0.6734694 0.5882353 0.81818182
1936  0.6470588 0.48387097 0.50000000 0.27777778 0.6046512 0.6285714 0.48000000
2010  1.0000000 0.78125000 0.63636364 0.57142857 0.7272727 0.5000000 0.82758621
3196  0.7812500 1.00000000 0.86666667 0.69230769 0.8043478 0.7666667 0.93939394
3237  0.6363636 0.86666667 1.00000000 0.95000000 0.7333333 0.8000000 0.82758621
3299  0.5714286 0.69230769 0.95000000 1.00000000 0.8000000 0.8461538 0.78571429
3430  0.7272727 0.80434783 0.73333333 0.80000000 1.0000000 0.7096774 0.63333333
3541  0.5000000 0.76666667 0.80000000 0.84615385 0.7096774 1.0000000 0.72727273
3610  0.8275862 0.93939394 0.82758621 0.78571429 0.6333333 0.7272727 1.00000000
3674  0.6086957 0.68571429 0.68292683 0.72093023 0.6111111 0.7674419 0.81250000
3825  0.7058824 0.78571429 0.62162162 0.50000000 0.7547170 0.7575758 0.65625000
3857  0.4230769 0.68421053 0.85106383 0.84848485 0.6153846 0.8636364 0.68181818
4156  0.7105263 0.86046512 0.75000000 0.66666667 0.8409091 0.7931034 0.69696970
4193  0.4285714 0.60000000 0.83018868 0.77500000 0.5769231 0.8750000 0.55172414
4390  0.6000000 0.67500000 0.77777778 0.50000000 0.6904762 0.7333333 0.70967742
4695  0.3396226 0.22727273 0.26666667 0.41304348 0.3636364 0.3650794 0.17647059
4766  0.4358974 0.82500000 0.76000000 0.72093023 0.5833333 0.7962963 0.70370370
4854  0.7234043 0.69565217 0.81250000 0.73684211 0.7567568 0.6551724 0.68181818
5498  0.6400000 0.89473684 0.90909091 0.82926829 0.7297297 0.8510638 0.85185185
5564  0.7659574 0.86363636 0.69696970 0.56000000 0.7678571 0.6969697 0.80000000
5611  0.5151515 0.67741935 0.75000000 0.85714286 0.5135135 0.7173913 0.77777778
5713  0.6551724 1.00000000 0.96226415 0.89473684 0.7407407 0.9166667 0.96000000
5903  0.7959184 0.86842105 0.71428571 0.66666667 0.7551020 0.8214286 0.86206897
6071  0.6739130 0.69565217 0.56000000 0.46153846 0.7500000 0.7727273 0.59090909
6625  0.7708333 0.78125000 0.63333333 0.43750000 0.7272727 0.7586207 0.80769231
6781  0.2622951 0.09803922 0.07692308 0.16000000 0.2500000 0.1538462 0.11627907
6784  0.7837838 0.92307692 0.85294118 0.61904762 0.7435897 0.7037037 0.86666667
7156  0.6326531 0.52941176 0.45161290 0.12500000 0.6170213 0.6176471 0.50000000
7199  0.7272727 0.64000000 0.70967742 0.60000000 0.6923077 0.9000000 0.60869565
7224  0.4736842 0.76923077 0.72727273 0.78571429 0.7407407 0.7674419 0.76923077
8278  0.4193548 0.65517241 0.76190476 0.85714286 0.5000000 0.7435897 0.73076923
8312  0.7105263 0.90909091 0.84848485 0.60869565 0.7674419 0.7333333 0.78125000
8344  0.3055556 0.54054054 0.67346939 0.73913043 0.4444444 0.6792453 0.56250000
8363  0.7692308 0.93103448 0.88888889 0.81250000 0.7333333 0.8055556 0.89285714
8374  0.3392857 0.30434783 0.32608696 0.41666667 0.3448276 0.2448980 0.34210526
8457  0.7142857 0.88571429 0.92682927 0.95238095 0.8235294 0.9090909 0.88461538
8511  0.7200000 0.90000000 0.92000000 0.85365854 0.7500000 0.8444444 0.88888889
8544  0.8000000 0.80555556 0.69230769 0.76000000 0.6842105 0.8181818 0.92592593
8693  0.8055556 0.90000000 0.86046512 0.83333333 0.7297297 0.7500000 0.89655172
8702  0.6562500 0.88888889 0.83783784 0.79411765 0.8378378 0.8913043 0.68750000
8869  0.4897959 0.38888889 0.42857143 0.60869565 0.4565217 0.3030303 0.40000000
8983  0.6046512 0.65517241 0.71428571 0.78947368 0.7045455 0.7777778 0.62500000
9062  0.2903226 0.53333333 0.75000000 0.75609756 0.3947368 0.7500000 0.60000000
9088  0.7291667 0.66666667 0.63636364 0.57142857 0.6923077 0.6666667 0.60000000
9268  0.4444444 0.80769231 0.85714286 0.89473684 0.5769231 0.8604651 0.91666667
9489  0.5769231 0.94594595 0.85714286 0.80487805 0.7631579 0.8510638 0.84615385
9501  0.6216216 0.83333333 0.86842105 0.68181818 0.7058824 0.8205128 0.81250000
9629  0.6363636 0.87500000 0.93750000 0.87500000 0.5000000 0.8974359 0.89473684
9676  0.8536585 0.79069767 0.70000000 0.42857143 0.7058824 0.5757576 0.68750000
9706  0.3793103 0.69767442 0.65957447 0.73333333 0.6136364 0.7115385 0.60606061
10006 0.7142857 0.90000000 0.75000000 0.70000000 0.6046512 0.7307692 0.84000000
10193 0.5294118 0.42857143 0.48484848 0.56521739 0.4583333 0.1538462 0.43333333
10405 0.7187500 0.86000000 0.85294118 0.72413793 0.7916667 0.7575758 0.79411765
99869 0.2786885 0.03921569 0.06060606 0.15686275 0.2343750 0.1363636 0.09302326
3582  0.5238095 0.44444444 0.21212121 0.08333333 0.3809524 0.1724138 0.35294118
           3674      3825      3857      4156      4193      4390      4695
154   0.8043478 0.7666667 0.9411765 0.8333333 0.8571429 0.5925926 0.3653846
259   0.3870968 0.4629630 0.4838710 0.4565217 0.4054054 0.4893617 0.7166667
379   0.7916667 0.8297872 0.6521739 0.7500000 0.4827586 0.6756757 0.1730769
649   0.7916667 0.6388889 0.8918919 0.7777778 0.8205128 0.6451613 0.2931034
786   0.1333333 0.5172414 0.2142857 0.3529412 0.2941176 0.3684211 0.5151515
800   0.4062500 0.3877551 0.5750000 0.3421053 0.4761905 0.4871795 0.7101449
878   0.6578947 0.6756757 0.7058824 0.6206897 0.7352941 0.5714286 0.2500000
884   0.3214286 0.2615385 0.2075472 0.2500000 0.2413793 0.2830189 0.6444444
1118  0.6071429 0.7647059 0.7600000 0.8048780 0.5000000 0.7317073 0.2549020
1260  0.5588235 0.7500000 0.9230769 0.7333333 0.8205128 0.6216216 0.3043478
1387  0.7575758 0.8043478 0.5882353 0.8974359 0.6086957 0.6842105 0.2340426
1538  0.5666667 0.6800000 0.6666667 0.7142857 0.5600000 0.6511628 0.3207547
1859  0.5609756 0.6739130 0.6000000 0.7708333 0.4642857 0.5348837 0.2040816
1936  0.5714286 0.6122449 0.6333333 0.5405405 0.5454545 0.6511628 0.5423729
2010  0.6086957 0.7058824 0.4230769 0.7105263 0.4285714 0.6000000 0.3396226
3196  0.6857143 0.7857143 0.6842105 0.8604651 0.6000000 0.6750000 0.2272727
3237  0.6829268 0.6216216 0.8510638 0.7500000 0.8301887 0.7777778 0.2666667
3299  0.7209302 0.5000000 0.8484848 0.6666667 0.7750000 0.5000000 0.4130435
3430  0.6111111 0.7547170 0.6153846 0.8409091 0.5769231 0.6904762 0.3636364
3541  0.7674419 0.7575758 0.8636364 0.7931034 0.8750000 0.7333333 0.3650794
3610  0.8125000 0.6562500 0.6818182 0.6969697 0.5517241 0.7096774 0.1764706
3674  1.0000000 0.6176471 0.7692308 0.6250000 0.6666667 0.7352941 0.5000000
3825  0.6176471 1.0000000 0.5862069 0.7777778 0.6176471 0.6739130 0.3220339
3857  0.7692308 0.5862069 1.0000000 0.5909091 0.8571429 0.7083333 0.4000000
4156  0.6250000 0.7777778 0.5909091 1.0000000 0.7419355 0.7872340 0.2765957
4193  0.6666667 0.6176471 0.8571429 0.7419355 1.0000000 0.6470588 0.3571429
4390  0.7352941 0.6739130 0.7083333 0.7872340 0.6470588 1.0000000 0.4081633
4695  0.5000000 0.3220339 0.4000000 0.2765957 0.3571429 0.4081633 1.0000000
4766  0.6530612 0.6078431 0.7073171 0.7073171 0.7446809 0.5853659 0.5000000
4854  0.5714286 0.6829268 0.7307692 0.6774194 0.7272727 0.5945946 0.2884615
5498  0.6956522 0.6857143 0.7812500 0.8648649 0.8461538 0.6969697 0.2280702
5564  0.6571429 0.8035714 0.6400000 0.7777778 0.6428571 0.6590909 0.1896552
5611  0.8000000 0.4473684 0.7500000 0.5862069 0.7560976 0.5517241 0.5468750
5713  0.8611111 0.6969697 0.9285714 0.8064516 0.8723404 0.8666667 0.2321429
5903  0.7142857 0.7592593 0.7272727 0.7250000 0.5600000 0.6829268 0.1886792
6071  0.6666667 0.7857143 0.7619048 0.7666667 0.5714286 0.7142857 0.2272727
6625  0.8750000 0.8125000 0.8333333 0.7105263 0.5862069 0.7906977 0.2264151
6781  0.2203390 0.2352941 0.1607143 0.2105263 0.1967213 0.2372881 0.7708333
6784  0.7666667 0.7272727 0.8181818 0.8163265 0.6785714 0.7872340 0.2500000
7156  0.5769231 0.6346154 0.6071429 0.5384615 0.4516129 0.6744186 0.5714286
7199  0.7500000 0.7708333 0.8518519 0.7428571 0.6562500 0.7317073 0.2916667
7224  0.7346939 0.6296296 0.8292683 0.7307692 0.7954545 0.5517241 0.3529412
8278  0.7179487 0.4411765 0.7187500 0.5416667 0.6153846 0.4285714 0.5357143
8312  0.6969697 0.7906977 0.7142857 0.8979592 0.7241379 0.7391304 0.2040816
8344  0.6153846 0.5319149 0.6136364 0.5384615 0.7391304 0.5000000 0.5753425
8363  0.7272727 0.7105263 0.8484848 0.7837838 0.7435897 0.7250000 0.1800000
8374  0.2888889 0.2812500 0.2162162 0.3725490 0.3541667 0.4230769 0.6103896
8457  0.7674419 0.7812500 0.8235294 0.8666667 0.8048780 0.6428571 0.2692308
8511  0.7777778 0.6896552 0.8250000 0.7931034 0.8181818 0.7931034 0.2631579
8544  0.9285714 0.7837838 0.8000000 0.6774194 0.5454545 0.7187500 0.2564103
8693  0.6923077 0.6829268 0.7142857 0.7058824 0.7692308 0.6176471 0.2222222
8702  0.7179487 0.7948718 0.8108108 0.8518519 0.8750000 0.5357143 0.3333333
8869  0.4375000 0.4000000 0.4444444 0.3777778 0.2777778 0.4666667 0.7666667
8983  0.6551724 0.6666667 0.8275862 0.6388889 0.5882353 0.6000000 0.3600000
9062  0.6888889 0.4418605 0.8095238 0.3548387 0.6744186 0.5517241 0.5757576
9088  0.5200000 0.7826087 0.5937500 0.7333333 0.6571429 0.5526316 0.3888889
9268  0.8604651 0.5000000 0.9268293 0.6000000 0.7692308 0.6153846 0.3529412
9489  0.6808511 0.7142857 0.7428571 0.8648649 0.8421053 0.6250000 0.2500000
9501  0.7241379 0.6857143 0.9210526 0.6428571 0.7500000 0.7647059 0.3333333
9629  0.8000000 0.5384615 0.9473684 0.6363636 0.8541667 0.7391304 0.2765957
9676  0.6315789 0.7500000 0.5833333 0.7727273 0.4800000 0.6666667 0.3035714
9706  0.4909091 0.4878049 0.6666667 0.5952381 0.6818182 0.3947368 0.2968750
10006 0.7500000 0.6458333 0.7407407 0.7096774 0.5357143 0.6486486 0.4897959
10193 0.3928571 0.4313725 0.4285714 0.3809524 0.3125000 0.4651163 0.7241379
10405 0.6500000 0.7333333 0.6086957 0.8000000 0.6071429 0.6046512 0.2553191
99869 0.2372881 0.2058824 0.1578947 0.1578947 0.1935484 0.2542373 0.7938144
3582  0.2857143 0.4782609 0.1818182 0.4000000 0.3225806 0.2800000 0.4047619
           4766      4854       5498      5564      5611      5713      5903
154   0.8367347 0.6875000 0.85714286 0.7500000 0.7674419 0.9459459 0.8000000
259   0.6666667 0.5686275 0.26666667 0.3137255 0.6585366 0.4705882 0.4375000
379   0.5641026 0.8085106 0.82608696 0.8478261 0.5000000 0.8214286 0.9090909
649   0.8421053 0.5454545 0.92982456 0.8157895 0.7826087 0.9743590 0.8387097
786   0.3103448 0.5925926 0.12500000 0.4615385 0.4000000 0.2222222 0.5833333
800   0.6274510 0.5600000 0.29729730 0.2272727 0.6222222 0.4473684 0.3636364
878   0.6470588 0.7307692 0.80000000 0.8205128 0.6041667 0.7560976 0.7272727
884   0.4266667 0.2777778 0.18333333 0.2500000 0.4852941 0.1500000 0.2241379
1118  0.4871795 0.8372093 0.61538462 0.7551020 0.3548387 0.7692308 0.8600000
1260  0.6111111 0.8666667 0.80000000 0.7608696 0.5681818 0.8750000 0.8333333
1387  0.7391304 0.7407407 0.94594595 0.8600000 0.5714286 0.9583333 0.8095238
1538  0.5555556 0.6315789 0.71875000 0.8103448 0.4516129 0.7200000 0.8269231
1859  0.7111111 0.6923077 0.79069767 0.7659574 0.7142857 0.7333333 0.8000000
1936  0.3488372 0.6734694 0.33333333 0.5652174 0.3235294 0.5806452 0.7142857
2010  0.4358974 0.7234043 0.64000000 0.7659574 0.5151515 0.6551724 0.7959184
3196  0.8250000 0.6956522 0.89473684 0.8636364 0.6774194 1.0000000 0.8684211
3237  0.7600000 0.8125000 0.90909091 0.6969697 0.7500000 0.9622642 0.7142857
3299  0.7209302 0.7368421 0.82926829 0.5600000 0.8571429 0.8947368 0.6666667
3430  0.5833333 0.7567568 0.72972973 0.7678571 0.5135135 0.7407407 0.7551020
3541  0.7962963 0.6551724 0.85106383 0.6969697 0.7173913 0.9166667 0.8214286
3610  0.7037037 0.6818182 0.85185185 0.8000000 0.7777778 0.9600000 0.8620690
3674  0.6530612 0.5714286 0.69565217 0.6571429 0.8000000 0.8611111 0.7142857
3825  0.6078431 0.6829268 0.68571429 0.8035714 0.4473684 0.6969697 0.7592593
3857  0.7073171 0.7307692 0.78125000 0.6400000 0.7500000 0.9285714 0.7272727
4156  0.7073171 0.6774194 0.86486486 0.7777778 0.5862069 0.8064516 0.7250000
4193  0.7446809 0.7272727 0.84615385 0.6428571 0.7560976 0.8723404 0.5600000
4390  0.5853659 0.5945946 0.69696970 0.6590909 0.5517241 0.8666667 0.6829268
4695  0.5000000 0.2884615 0.22807018 0.1896552 0.5468750 0.2321429 0.1886792
4766  1.0000000 0.3333333 0.88888889 0.5800000 0.8333333 0.8163265 0.5714286
4854  0.3333333 1.0000000 0.60869565 0.7073171 0.4848485 0.7586207 0.7804878
5498  0.8888889 0.6086957 1.00000000 0.8205128 0.7619048 1.0000000 0.7500000
5564  0.5800000 0.7073171 0.82051282 1.0000000 0.4722222 0.7857143 0.8421053
5611  0.8333333 0.4848485 0.76190476 0.4722222 1.0000000 0.7111111 0.5161290
5713  0.8163265 0.7586207 1.00000000 0.7857143 0.7111111 1.0000000 0.9200000
5903  0.5714286 0.7804878 0.75000000 0.8421053 0.5161290 0.9200000 1.0000000
6071  0.3225806 0.8723404 0.52941176 0.7500000 0.3478261 0.6956522 0.8536585
6625  0.3846154 0.7826087 0.72000000 0.8200000 0.3225806 0.9259259 0.8600000
6781  0.3291139 0.2068966 0.09523810 0.1343284 0.4029851 0.0000000 0.1147541
6784  0.7297297 0.6875000 0.81250000 0.8536585 0.6428571 0.9655172 0.8571429
7156  0.4186047 0.5555556 0.34482759 0.5416667 0.2500000 0.5357143 0.7000000
7199  0.3947368 0.8409091 0.52173913 0.7333333 0.3928571 0.8000000 0.8139535
7224  0.7551020 0.6666667 0.80487805 0.7777778 0.7659574 0.8205128 0.8000000
8278  0.7843137 0.3793103 0.74358974 0.5135135 0.8775510 0.7297297 0.4838710
8312  0.7500000 0.7096774 0.89189189 0.8809524 0.6333333 0.8965517 0.8095238
8344  0.8181818 0.4117647 0.71698113 0.3725490 0.8360656 0.6666667 0.2857143
8363  0.6250000 0.8285714 0.83333333 0.8000000 0.7352941 0.9714286 0.9166667
8374  0.5384615 0.4150943 0.22916667 0.2203390 0.5961538 0.2325581 0.2321429
8457  0.8200000 0.7619048 0.93181818 0.7878788 0.7727273 0.9767442 0.8461538
8511  0.8085106 0.7916667 0.95744681 0.8709677 0.8536585 1.0000000 0.7916667
8544  0.5277778 0.6896552 0.74074074 0.8205128 0.6250000 0.8571429 0.8857143
8693  0.6444444 0.7352941 0.88095238 0.8048780 0.7179487 0.8947368 0.8378378
8702  0.7500000 0.7575758 0.91111111 0.8139535 0.6086957 0.8918919 0.7567568
8869  0.6086957 0.5000000 0.24242424 0.2291667 0.6923077 0.2903226 0.3673469
8983  0.3658537 0.8181818 0.57692308 0.6888889 0.3448276 0.8076923 0.7804878
9062  0.8548387 0.3750000 0.70212766 0.3414634 0.8653846 0.7674419 0.4722222
9088  0.3500000 0.7800000 0.50000000 0.6666667 0.4054054 0.6250000 0.7500000
9268  0.6904762 0.7142857 0.85000000 0.6800000 0.8222222 0.9473684 0.8333333
9489  0.8703704 0.6086957 0.98214286 0.8717949 0.7727273 0.9459459 0.7741935
9501  0.6046512 0.8095238 0.82142857 0.8461538 0.5142857 0.9142857 0.8484848
9629  0.7948718 0.8000000 0.90909091 0.6111111 0.7777778 0.9761905 0.8125000
9676  0.6200000 0.7272727 0.75675676 0.7924528 0.4878049 0.7586207 0.8163265
9706  0.7068966 0.5769231 0.78947368 0.5555556 0.6600000 0.6818182 0.6000000
10006 0.8000000 0.6190476 0.68181818 0.6382979 0.8437500 0.8214286 0.7021277
10193 0.5777778 0.5208333 0.19230769 0.3333333 0.6500000 0.3428571 0.4166667
10405 0.7777778 0.7307692 0.83333333 0.8260870 0.5714286 0.8333333 0.7368421
99869 0.3164557 0.1864407 0.04761905 0.1176471 0.3823529 0.0000000 0.1147541
3582  0.2413793 0.3750000 0.29629630 0.6666667 0.1250000 0.1379310 0.3913043
           6071       6625       6781       6784      7156      7199      7224
154   0.9090909 0.78260870 0.14814815 0.73076923 0.4800000 0.8421053 0.8292683
259   0.5510204 0.42307692 0.55714286 0.51162791 0.3958333 0.4800000 0.3928571
379   0.8478261 0.89795918 0.13559322 0.88888889 0.5952381 0.7750000 0.6190476
649   0.6250000 0.77777778 0.12903226 0.81250000 0.5000000 0.7272727 0.8000000
786   0.5454545 0.47826087 0.64864865 0.41176471 0.5416667 0.5833333 0.1875000
800   0.5777778 0.40816327 0.56944444 0.40540541 0.3555556 0.5000000 0.4062500
878   0.6666667 0.74193548 0.20000000 0.68965517 0.5172414 0.6206897 0.7142857
884   0.2608696 0.15094340 0.86138614 0.16000000 0.1454545 0.2264151 0.3090909
1118  0.9302326 0.89583333 0.19672131 0.81818182 0.7045455 0.8636364 0.5217391
1260  0.8421053 0.82222222 0.14705882 0.81250000 0.5952381 0.8250000 0.7352941
1387  0.7142857 0.77777778 0.10714286 0.80000000 0.5263158 0.6875000 0.8400000
1538  0.6842105 0.76595745 0.24590164 0.76923077 0.6666667 0.6666667 0.5714286
1859  0.7391304 0.69696970 0.27118644 0.79069767 0.4864865 0.5937500 0.7272727
1936  0.6875000 0.71428571 0.40000000 0.64864865 0.9649123 0.7959184 0.5200000
2010  0.6739130 0.77083333 0.26229508 0.78378378 0.6326531 0.7272727 0.4736842
3196  0.6956522 0.78125000 0.09803922 0.92307692 0.5294118 0.6400000 0.7692308
3237  0.5600000 0.63333333 0.07692308 0.85294118 0.4516129 0.7096774 0.7272727
3299  0.4615385 0.43750000 0.16000000 0.61904762 0.1250000 0.6000000 0.7857143
3430  0.7500000 0.72727273 0.25000000 0.74358974 0.6170213 0.6923077 0.7407407
3541  0.7727273 0.75862069 0.15384615 0.70370370 0.6176471 0.9000000 0.7674419
3610  0.5909091 0.80769231 0.11627907 0.86666667 0.5000000 0.6086957 0.7692308
3674  0.6666667 0.87500000 0.22033898 0.76666667 0.5769231 0.7500000 0.7346939
3825  0.7857143 0.81250000 0.23529412 0.72727273 0.6346154 0.7708333 0.6296296
3857  0.7619048 0.83333333 0.16071429 0.81818182 0.6071429 0.8518519 0.8292683
4156  0.7666667 0.71052632 0.21052632 0.81632653 0.5384615 0.7428571 0.7307692
4193  0.5714286 0.58620690 0.19672131 0.67857143 0.4516129 0.6562500 0.7954545
4390  0.7142857 0.79069767 0.23728814 0.78723404 0.6744186 0.7317073 0.5517241
4695  0.2272727 0.22641509 0.77083333 0.25000000 0.5714286 0.2916667 0.3529412
4766  0.3225806 0.38461538 0.32911392 0.72972973 0.4186047 0.3947368 0.7551020
4854  0.8723404 0.78260870 0.20689655 0.68750000 0.5555556 0.8409091 0.6666667
5498  0.5294118 0.72000000 0.09523810 0.81250000 0.3448276 0.5217391 0.8048780
5564  0.7500000 0.82000000 0.13432836 0.85365854 0.5416667 0.7333333 0.7777778
5611  0.3478261 0.32258065 0.40298507 0.64285714 0.2500000 0.3928571 0.7659574
5713  0.6956522 0.92592593 0.00000000 0.96551724 0.5357143 0.8000000 0.8205128
5903  0.8536585 0.86000000 0.11475410 0.85714286 0.7000000 0.8139535 0.8000000
6071  1.0000000 0.91111111 0.21153846 0.76666667 0.6444444 0.8863636 0.6666667
6625  0.9111111 1.00000000 0.08474576 0.87500000 0.7291667 0.8723404 0.6190476
6781  0.2115385 0.08474576 1.00000000 0.07407407 0.4193548 0.1929825 0.1607143
6784  0.7666667 0.87500000 0.07407407 1.00000000 0.6756757 0.8000000 0.7307692
7156  0.6444444 0.72916667 0.41935484 0.67567568 1.0000000 0.7708333 0.4545455
7199  0.8863636 0.87234043 0.19298246 0.80000000 0.7708333 1.0000000 0.6250000
7224  0.6666667 0.61904762 0.16071429 0.73076923 0.4545455 0.6250000 1.0000000
8278  0.2727273 0.34482759 0.40000000 0.54545455 0.2500000 0.4074074 0.6578947
8312  0.7419355 0.80000000 0.10714286 0.95833333 0.5500000 0.8125000 0.7307692
8344  0.2500000 0.20512821 0.45454545 0.38888889 0.2051282 0.2777778 0.6938776
8363  0.8125000 0.88888889 0.05172414 0.91891892 0.6000000 0.8055556 0.7187500
8374  0.3958333 0.23636364 0.72093023 0.37500000 0.2857143 0.2884615 0.3500000
8457  0.6875000 0.69565217 0.05454545 0.84615385 0.3200000 0.7142857 0.8500000
8511  0.7058824 0.79166667 0.03508772 0.96153846 0.3333333 0.6956522 0.7727273
8544  0.8148148 0.90625000 0.12765957 0.76666667 0.6250000 0.8214286 0.7826087
8693  0.7142857 0.82857143 0.11475410 0.80645161 0.4857143 0.6176471 0.7142857
8702  0.7407407 0.84848485 0.09375000 0.81481481 0.5833333 0.8333333 0.7948718
8869  0.5217391 0.40000000 0.62686567 0.50000000 0.4313725 0.4782609 0.4230769
8983  0.8333333 0.78571429 0.24137931 0.62857143 0.6279070 0.8181818 0.6785714
9062  0.3703704 0.38235294 0.41176471 0.44444444 0.4473684 0.4571429 0.6904762
9088  0.8181818 0.73333333 0.27419355 0.66666667 0.7450980 0.7608696 0.6538462
9268  0.7500000 0.84210526 0.13207547 0.81818182 0.4545455 0.6500000 0.8000000
9489  0.5294118 0.67857143 0.10000000 0.81250000 0.3793103 0.6086957 0.8139535
9501  0.8333333 0.89473684 0.10000000 0.88888889 0.6315789 0.8157895 0.7333333
9629  0.7000000 0.85714286 0.06122449 0.90476190 0.6521739 0.8260870 0.7567568
9676  0.8000000 0.80487805 0.21875000 0.85365854 0.6818182 0.7692308 0.7000000
9706  0.5500000 0.45161290 0.37681159 0.56756757 0.3750000 0.4642857 0.6326531
10006 0.6136364 0.69565217 0.29824561 0.87500000 0.4565217 0.6511628 0.6086957
10193 0.5434783 0.44000000 0.59701493 0.46341463 0.3478261 0.4186047 0.4000000
10405 0.6666667 0.72727273 0.17543860 0.78048780 0.4411765 0.7000000 0.8064516
99869 0.1923077 0.11666667 0.97222222 0.07407407 0.4354839 0.1896552 0.2280702
3582  0.4090909 0.41666667 0.73913043 0.33333333 0.0000000 0.3181818 0.2800000
           8278       8312      8344       8363      8374       8457       8511
154   0.7941176 0.80000000 0.7058824 0.85714286 0.2380952 0.93023256 0.82926829
259   0.6470588 0.46511628 0.6818182 0.58974359 0.7936508 0.44827586 0.39285714
379   0.3928571 0.91666667 0.2777778 0.87878788 0.3584906 0.86956522 0.86956522
649   0.7692308 0.86111111 0.6296296 0.88888889 0.2040816 0.88888889 0.91489362
786   0.3500000 0.26666667 0.1666667 0.35294118 0.6666667 0.27272727 0.07142857
800   0.6153846 0.36842105 0.6326531 0.51162791 0.8412698 0.42424242 0.44736842
878   0.7333333 0.70370370 0.6037736 0.74285714 0.3181818 0.81578947 0.82051282
884   0.4754098 0.17647059 0.5394737 0.16363636 0.8125000 0.20000000 0.14545455
1118  0.4642857 0.80487805 0.3750000 0.81081081 0.3636364 0.76000000 0.66666667
1260  0.4473684 0.80645161 0.5400000 0.86111111 0.2857143 0.82352941 0.81578947
1387  0.6176471 0.87179487 0.5813953 0.76923077 0.2549020 0.96875000 0.96153846
1538  0.4062500 0.78048780 0.3181818 0.68571429 0.2727273 0.65517241 0.70370370
1859  0.7241379 0.84782609 0.5116279 0.83870968 0.3725490 0.78378378 0.81250000
1936  0.2666667 0.55000000 0.2051282 0.60526316 0.3050847 0.39130435 0.42307692
2010  0.4193548 0.71052632 0.3055556 0.76923077 0.3392857 0.71428571 0.72000000
3196  0.6551724 0.90909091 0.5405405 0.93103448 0.3043478 0.88571429 0.90000000
3237  0.7619048 0.84848485 0.6734694 0.88888889 0.3260870 0.92682927 0.92000000
3299  0.8571429 0.60869565 0.7391304 0.81250000 0.4166667 0.95238095 0.85365854
3430  0.5000000 0.76744186 0.4444444 0.73333333 0.3448276 0.82352941 0.75000000
3541  0.7435897 0.73333333 0.6792453 0.80555556 0.2448980 0.90909091 0.84444444
3610  0.7307692 0.78125000 0.5625000 0.89285714 0.3421053 0.88461538 0.88888889
3674  0.7179487 0.69696970 0.6153846 0.72727273 0.2888889 0.76744186 0.77777778
3825  0.4411765 0.79069767 0.5319149 0.71052632 0.2812500 0.78125000 0.68965517
3857  0.7187500 0.71428571 0.6136364 0.84848485 0.2162162 0.82352941 0.82500000
4156  0.5416667 0.89795918 0.5384615 0.78378378 0.3725490 0.86666667 0.79310345
4193  0.6153846 0.72413793 0.7391304 0.74358974 0.3541667 0.80487805 0.81818182
4390  0.4285714 0.73913043 0.5000000 0.72500000 0.4230769 0.64285714 0.79310345
4695  0.5357143 0.20408163 0.5753425 0.18000000 0.6103896 0.26923077 0.26315789
4766  0.7843137 0.75000000 0.8181818 0.62500000 0.5384615 0.82000000 0.80851064
4854  0.3793103 0.70967742 0.4117647 0.82857143 0.4150943 0.76190476 0.79166667
5498  0.7435897 0.89189189 0.7169811 0.83333333 0.2291667 0.93181818 0.95744681
5564  0.5135135 0.88095238 0.3725490 0.80000000 0.2203390 0.78787879 0.87096774
5611  0.8775510 0.63333333 0.8360656 0.73529412 0.5961538 0.77272727 0.85365854
5713  0.7297297 0.89655172 0.6666667 0.97142857 0.2325581 0.97674419 1.00000000
5903  0.4838710 0.80952381 0.2857143 0.91666667 0.2321429 0.84615385 0.79166667
6071  0.2727273 0.74193548 0.2500000 0.81250000 0.3958333 0.68750000 0.70588235
6625  0.3448276 0.80000000 0.2051282 0.88888889 0.2363636 0.69565217 0.79166667
6781  0.4000000 0.10714286 0.4545455 0.05172414 0.7209302 0.05454545 0.03508772
6784  0.5454545 0.95833333 0.3888889 0.91891892 0.3750000 0.84615385 0.96153846
7156  0.2500000 0.55000000 0.2051282 0.60000000 0.2857143 0.32000000 0.33333333
7199  0.4074074 0.81250000 0.2777778 0.80555556 0.2884615 0.71428571 0.69565217
7224  0.6578947 0.73076923 0.6938776 0.71875000 0.3500000 0.85000000 0.77272727
8278  1.0000000 0.60869565 0.7592593 0.62857143 0.5227273 0.80487805 0.82500000
8312  0.6086957 1.00000000 0.4594595 0.88571429 0.3333333 0.86666667 0.93103448
8344  0.7592593 0.45945946 1.0000000 0.53658537 0.6229508 0.76595745 0.72916667
8363  0.6285714 0.88571429 0.5365854 1.00000000 0.3555556 0.86666667 0.92105263
8374  0.5227273 0.33333333 0.6229508 0.35555556 1.0000000 0.26829268 0.26829268
8457  0.8048780 0.86666667 0.7659574 0.86666667 0.2682927 1.00000000 0.97619048
8511  0.8250000 0.93103448 0.7291667 0.92105263 0.2682927 0.97619048 1.00000000
8544  0.6000000 0.75000000 0.5312500 0.81481481 0.2619048 0.89285714 0.83333333
8693  0.6666667 0.86666667 0.5625000 0.95652174 0.2708333 0.91666667 0.95000000
8702  0.6410256 0.85714286 0.6226415 0.88235294 0.2600000 0.91891892 0.92105263
8869  0.7058824 0.40909091 0.7272727 0.48717949 0.8253968 0.35714286 0.37931034
8983  0.5185185 0.63636364 0.3611111 0.75675676 0.2407407 0.75000000 0.65517241
9062  0.8200000 0.48275862 0.8666667 0.71052632 0.5818182 0.70833333 0.77272727
9088  0.3235294 0.65625000 0.4054054 0.77777778 0.3636364 0.62500000 0.60869565
9268  0.7567568 0.75000000 0.6808511 0.93548387 0.2368421 0.87179487 0.90476190
9489  0.7692308 0.91666667 0.6851852 0.86111111 0.2448980 0.93023256 0.95652174
9501  0.4687500 0.84615385 0.4634146 0.91176471 0.3061224 0.79310345 0.87878788
9629  0.7878788 0.80952381 0.6842105 0.97142857 0.3055556 0.90625000 0.92307692
9676  0.4571429 0.79069767 0.3617021 0.74193548 0.3157895 0.66666667 0.77419355
9706  0.6279070 0.63414634 0.6500000 0.71794872 0.5090909 0.75510204 0.70588235
10006 0.7419355 0.80645161 0.5714286 0.81250000 0.5294118 0.79166667 0.77272727
10193 0.6000000 0.38095238 0.6904762 0.41666667 0.7666667 0.37931034 0.24000000
10405 0.7000000 0.84444444 0.5121951 0.73333333 0.3333333 0.86111111 0.83870968
99869 0.3770492 0.05357143 0.4487179 0.05084746 0.7558140 0.03571429 0.01724138
3582  0.3076923 0.47619048 0.2580645 0.20689655 0.4814815 0.21428571 0.23333333
           8544       8693       8702      8869      8983      9062      9088
154   0.8571429 0.80555556 0.92307692 0.3076923 0.7894737 0.7555556 0.5789474
259   0.4736842 0.51428571 0.35294118 0.8852459 0.4800000 0.7692308 0.5416667
379   0.8285714 0.96774194 0.87500000 0.4489796 0.7272727 0.4000000 0.7209302
649   0.7200000 0.86363636 0.91489362 0.1666667 0.7037037 0.7600000 0.4782609
786   0.5000000 0.35000000 0.38461538 0.5555556 0.4000000 0.1818182 0.4230769
800   0.3548387 0.45000000 0.40476190 0.9137931 0.5111111 0.7708333 0.4222222
878   0.7419355 0.78048780 0.76744186 0.3333333 0.5833333 0.6041667 0.5333333
884   0.2826087 0.22950820 0.19047619 0.7049180 0.2115385 0.5074627 0.2280702
1118  0.8235294 0.75757576 0.83870968 0.4791667 0.7826087 0.4375000 0.7441860
1260  0.7600000 0.76923077 0.86000000 0.3255814 0.8250000 0.5652174 0.8181818
1387  0.8780488 0.83870968 0.94117647 0.3250000 0.7096774 0.4444444 0.6562500
1538  0.8285714 0.75000000 0.74285714 0.2954545 0.6136364 0.3611111 0.6904762
1859  0.7777778 0.78125000 0.71875000 0.4358974 0.6363636 0.5428571 0.6774194
1936  0.5937500 0.44117647 0.54054054 0.4117647 0.6666667 0.4054054 0.7777778
2010  0.8000000 0.80555556 0.65625000 0.4897959 0.6046512 0.2903226 0.7291667
3196  0.8055556 0.90000000 0.88888889 0.3888889 0.6551724 0.5333333 0.6666667
3237  0.6923077 0.86046512 0.83783784 0.4285714 0.7142857 0.7500000 0.6363636
3299  0.7600000 0.83333333 0.79411765 0.6086957 0.7894737 0.7560976 0.5714286
3430  0.6842105 0.72972973 0.83783784 0.4565217 0.7045455 0.3947368 0.6923077
3541  0.8181818 0.75000000 0.89130435 0.3030303 0.7777778 0.7500000 0.6666667
3610  0.9259259 0.89655172 0.68750000 0.4000000 0.6250000 0.6000000 0.6000000
3674  0.9285714 0.69230769 0.71794872 0.4375000 0.6551724 0.6888889 0.5200000
3825  0.7837838 0.68292683 0.79487179 0.4000000 0.6666667 0.4418605 0.7826087
3857  0.8000000 0.71428571 0.81081081 0.4444444 0.8275862 0.8095238 0.5937500
4156  0.6774194 0.70588235 0.85185185 0.3777778 0.6388889 0.3548387 0.7333333
4193  0.5454545 0.76923077 0.87500000 0.2777778 0.5882353 0.6744186 0.6571429
4390  0.7187500 0.61764706 0.53571429 0.4666667 0.6000000 0.5517241 0.5526316
4695  0.2564103 0.22222222 0.33333333 0.7666667 0.3600000 0.5757576 0.3888889
4766  0.5277778 0.64444444 0.75000000 0.6086957 0.3658537 0.8548387 0.3500000
4854  0.6896552 0.73529412 0.75757576 0.5000000 0.8181818 0.3750000 0.7800000
5498  0.7407407 0.88095238 0.91111111 0.2424242 0.5769231 0.7021277 0.5000000
5564  0.8205128 0.80487805 0.81395349 0.2291667 0.6888889 0.3414634 0.6666667
5611  0.6250000 0.71794872 0.60869565 0.6923077 0.3448276 0.8653846 0.4054054
5713  0.8571429 0.89473684 0.89189189 0.2903226 0.8076923 0.7674419 0.6250000
5903  0.8857143 0.83783784 0.75675676 0.3673469 0.7804878 0.4722222 0.7500000
6071  0.8148148 0.71428571 0.74074074 0.5217391 0.8333333 0.3703704 0.8181818
6625  0.9062500 0.82857143 0.84848485 0.4000000 0.7857143 0.3823529 0.7333333
6781  0.1276596 0.11475410 0.09375000 0.6268657 0.2413793 0.4117647 0.2741935
6784  0.7666667 0.80645161 0.81481481 0.5000000 0.6285714 0.4444444 0.6666667
7156  0.6250000 0.48571429 0.58333333 0.4313725 0.6279070 0.4473684 0.7450980
7199  0.8214286 0.61764706 0.83333333 0.4782609 0.8181818 0.4571429 0.7608696
7224  0.7826087 0.71428571 0.79487179 0.4230769 0.6785714 0.6904762 0.6538462
8278  0.6000000 0.66666667 0.64102564 0.7058824 0.5185185 0.8200000 0.3235294
8312  0.7500000 0.86666667 0.85714286 0.4090909 0.6363636 0.4827586 0.6562500
8344  0.5312500 0.56250000 0.62264151 0.7272727 0.3611111 0.8666667 0.4054054
8363  0.8148148 0.95652174 0.88235294 0.4871795 0.7567568 0.7105263 0.7777778
8374  0.2619048 0.27083333 0.26000000 0.8253968 0.2407407 0.5818182 0.3636364
8457  0.8928571 0.91666667 0.91891892 0.3571429 0.7500000 0.7083333 0.6250000
8511  0.8333333 0.95000000 0.92105263 0.3793103 0.6551724 0.7727273 0.6086957
8544  1.0000000 0.85714286 0.76000000 0.4324324 0.6666667 0.5333333 0.6875000
8693  0.8571429 1.00000000 0.88888889 0.3783784 0.6857143 0.6956522 0.6571429
8702  0.7600000 0.88888889 1.00000000 0.3714286 0.7575758 0.6400000 0.6764706
8869  0.4324324 0.37837838 0.37142857 1.0000000 0.5000000 0.7619048 0.4130435
8983  0.6666667 0.68571429 0.75757576 0.5000000 1.0000000 0.4242424 0.7380952
9062  0.5333333 0.69565217 0.64000000 0.7619048 0.4242424 1.0000000 0.3611111
9088  0.6875000 0.65714286 0.67647059 0.4130435 0.7380952 0.3611111 1.0000000
9268  0.9523810 0.89473684 0.84615385 0.3600000 0.8636364 0.7560976 0.6000000
9489  0.7200000 0.88636364 0.93617021 0.2187500 0.6071429 0.6734694 0.4782609
9501  0.7500000 0.80555556 0.85714286 0.3783784 0.8421053 0.6486486 0.7441860
9629  0.8571429 0.94285714 0.92857143 0.4444444 0.7307692 0.8947368 0.6666667
9676  0.7500000 0.67647059 0.81578947 0.4347826 0.6388889 0.4047619 0.6750000
9706  0.5333333 0.76595745 0.73469388 0.4444444 0.4687500 0.6923077 0.3928571
10006 0.6857143 0.65714286 0.55882353 0.7021277 0.5121951 0.7058824 0.5106383
10193 0.5135135 0.45714286 0.36363636 0.9310345 0.4666667 0.6756757 0.4130435
10405 0.7500000 0.78125000 0.87096774 0.4473684 0.6562500 0.4848485 0.5517241
99869 0.1276596 0.09677419 0.07692308 0.6716418 0.2068966 0.4202899 0.2741935
3582  0.3333333 0.32142857 0.23076923 0.2631579 0.3043478 0.1111111 0.3200000
           9268       9489       9501       9629      9676      9706     10006
154   0.8750000 0.88000000 0.87500000 0.93103448 0.6000000 0.7592593 0.8333333
259   0.4166667 0.20689655 0.51219512 0.53846154 0.4222222 0.4000000 0.7959184
379   0.8235294 0.82608696 0.88571429 0.71428571 0.8648649 0.6071429 0.7209302
649   0.9523810 0.94827586 0.89655172 0.94285714 0.6666667 0.7627119 0.6956522
786   0.0000000 0.16666667 0.37037037 0.14285714 0.5200000 0.6818182 0.5384615
800   0.4687500 0.28947368 0.55555556 0.58333333 0.3000000 0.4000000 0.7500000
878   0.7500000 0.82500000 0.78125000 0.83870968 0.6842105 0.6666667 0.5666667
884   0.2264151 0.18965517 0.14545455 0.14893617 0.2903226 0.4179104 0.4814815
1118  0.7058824 0.61538462 0.85294118 0.78947368 0.8181818 0.5151515 0.6829268
1260  0.9090909 0.78947368 0.87272727 0.87500000 0.7435897 0.6279070 0.6097561
1387  0.7916667 1.00000000 0.80000000 0.73333333 0.8163265 0.6341463 0.6285714
1538  0.7272727 0.75757576 0.72972973 0.64705882 0.7500000 0.5789474 0.6744186
1859  0.7419355 0.85000000 0.57692308 0.77777778 0.7307692 0.6956522 0.7741935
1936  0.4583333 0.35714286 0.68181818 0.65384615 0.6279070 0.3548387 0.4468085
2010  0.4444444 0.57692308 0.62162162 0.63636364 0.8536585 0.3793103 0.7142857
3196  0.8076923 0.94594595 0.83333333 0.87500000 0.7906977 0.6976744 0.9000000
3237  0.8571429 0.85714286 0.86842105 0.93750000 0.7000000 0.6595745 0.7500000
3299  0.8947368 0.80487805 0.68181818 0.87500000 0.4285714 0.7333333 0.7000000
3430  0.5769231 0.76315789 0.70588235 0.50000000 0.7058824 0.6136364 0.6046512
3541  0.8604651 0.85106383 0.82051282 0.89743590 0.5757576 0.7115385 0.7307692
3610  0.9166667 0.84615385 0.81250000 0.89473684 0.6875000 0.6060606 0.8400000
3674  0.8604651 0.68085106 0.72413793 0.80000000 0.6315789 0.4909091 0.7500000
3825  0.5000000 0.71428571 0.68571429 0.53846154 0.7500000 0.4878049 0.6458333
3857  0.9268293 0.74285714 0.92105263 0.94736842 0.5833333 0.6666667 0.7407407
4156  0.6000000 0.86486486 0.64285714 0.63636364 0.7727273 0.5952381 0.7096774
4193  0.7692308 0.84210526 0.75000000 0.85416667 0.4800000 0.6818182 0.5357143
4390  0.6153846 0.62500000 0.76470588 0.73913043 0.6666667 0.3947368 0.6486486
4695  0.3529412 0.25000000 0.33333333 0.27659574 0.3035714 0.2968750 0.4897959
4766  0.6904762 0.87037037 0.60465116 0.79487179 0.6200000 0.7068966 0.8000000
4854  0.7142857 0.60869565 0.80952381 0.80000000 0.7272727 0.5769231 0.6190476
5498  0.8500000 0.98214286 0.82142857 0.90909091 0.7567568 0.7894737 0.6818182
5564  0.6800000 0.87179487 0.84615385 0.61111111 0.7924528 0.5555556 0.6382979
5611  0.8222222 0.77272727 0.51428571 0.77777778 0.4878049 0.6600000 0.8437500
5713  0.9473684 0.94594595 0.91428571 0.97619048 0.7586207 0.6818182 0.8214286
5903  0.8333333 0.77419355 0.84848485 0.81250000 0.8163265 0.6000000 0.7021277
6071  0.7500000 0.52941176 0.83333333 0.70000000 0.8000000 0.5500000 0.6136364
6625  0.8421053 0.67857143 0.89473684 0.85714286 0.8048780 0.4516129 0.6956522
6781  0.1320755 0.10000000 0.10000000 0.06122449 0.2187500 0.3768116 0.2982456
6784  0.8181818 0.81250000 0.88888889 0.90476190 0.8536585 0.5675676 0.8750000
7156  0.4545455 0.37931034 0.63157895 0.65217391 0.6818182 0.3750000 0.4565217
7199  0.6500000 0.60869565 0.81578947 0.82608696 0.7692308 0.4642857 0.6511628
7224  0.8000000 0.81395349 0.73333333 0.75675676 0.7000000 0.6326531 0.6086957
8278  0.7567568 0.76923077 0.46875000 0.78787879 0.4571429 0.6279070 0.7419355
8312  0.7500000 0.91666667 0.84615385 0.80952381 0.7906977 0.6341463 0.8064516
8344  0.6808511 0.68518519 0.46341463 0.68421053 0.3617021 0.6500000 0.5714286
8363  0.9354839 0.86111111 0.91176471 0.97142857 0.7419355 0.7179487 0.8125000
8374  0.2368421 0.24489796 0.30612245 0.30555556 0.3157895 0.5090909 0.5294118
8457  0.8717949 0.93023256 0.79310345 0.90625000 0.6666667 0.7551020 0.7916667
8511  0.9047619 0.95652174 0.87878788 0.92307692 0.7741935 0.7058824 0.7727273
8544  0.9523810 0.72000000 0.75000000 0.85714286 0.7500000 0.5333333 0.6857143
8693  0.8947368 0.88636364 0.80555556 0.94285714 0.6764706 0.7659574 0.6571429
8702  0.8461538 0.93617021 0.85714286 0.92857143 0.8157895 0.7346939 0.5588235
8869  0.3600000 0.21875000 0.37837838 0.44444444 0.4347826 0.4444444 0.7021277
8983  0.8636364 0.60714286 0.84210526 0.73076923 0.6388889 0.4687500 0.5121951
9062  0.7560976 0.67346939 0.64864865 0.89473684 0.4047619 0.6923077 0.7058824
9088  0.6000000 0.47826087 0.74418605 0.66666667 0.6750000 0.3928571 0.5106383
9268  1.0000000 0.85365854 0.84375000 0.93939394 0.5555556 0.6382979 0.7368421
9489  0.8536585 1.00000000 0.76666667 0.87878788 0.7567568 0.8000000 0.6666667
9501  0.8437500 0.76666667 1.00000000 0.93103448 0.7096774 0.5555556 0.6578947
9629  0.9393939 0.87878788 0.93103448 1.00000000 0.6875000 0.7714286 0.7000000
9676  0.5555556 0.75675676 0.70967742 0.68750000 1.0000000 0.5000000 0.6500000
9706  0.6382979 0.80000000 0.55555556 0.77142857 0.5000000 1.0000000 0.4814815
10006 0.7368421 0.66666667 0.65789474 0.70000000 0.6500000 0.4814815 1.0000000
10193 0.3913043 0.11111111 0.43589744 0.41666667 0.4318182 0.2812500 0.7142857
10405 0.7500000 0.87500000 0.73076923 0.78947368 0.7234043 0.6086957 0.8387097
99869 0.1111111 0.04918033 0.08196721 0.06000000 0.2343750 0.3285714 0.3157895
3582  0.1200000 0.29166667 0.35714286 0.15384615 0.4500000 0.2758621 0.4210526
           10193     10405      99869       3582
154   0.22727273 0.7567568 0.10909091 0.17391304
259   0.90476190 0.5250000 0.58571429 0.33333333
379   0.50943396 0.8484848 0.10169492 0.45833333
649   0.03846154 0.7619048 0.07936508 0.19230769
786   0.51851852 0.4210526 0.67567568        NaN
800   0.91228070 0.3750000 0.58904110 0.32142857
878   0.29032258 0.8000000 0.19672131 0.46153846
884   0.67187500 0.3333333 0.88235294 0.95238095
1118  0.54901961 0.6285714 0.18032787 0.33333333
1260  0.36363636 0.6333333 0.11594203 0.37500000
1387  0.35135135 0.8913043 0.05357143 0.47058824
1538  0.42553191 0.7073171 0.21311475 0.52000000
1859  0.40540541 0.7735849 0.22033898 0.52380952
1936  0.33333333 0.4411765 0.40000000 0.00000000
2010  0.52941176 0.7187500 0.27868852 0.52380952
3196  0.42857143 0.8600000 0.03921569 0.44444444
3237  0.48484848 0.8529412 0.06060606 0.21212121
3299  0.56521739 0.7241379 0.15686275 0.08333333
3430  0.45833333 0.7916667 0.23437500 0.38095238
3541  0.15384615 0.7575758 0.13636364 0.17241379
3610  0.43333333 0.7941176 0.09302326 0.35294118
3674  0.39285714 0.6500000 0.23728814 0.28571429
3825  0.43137255 0.7333333 0.20588235 0.47826087
3857  0.42857143 0.6086957 0.15789474 0.18181818
4156  0.38095238 0.8000000 0.15789474 0.40000000
4193  0.31250000 0.6071429 0.19354839 0.32258065
4390  0.46511628 0.6046512 0.25423729 0.28000000
4695  0.72413793 0.2553191 0.79381443 0.40476190
4766  0.57777778 0.7777778 0.31645570 0.24137931
4854  0.52083333 0.7307692 0.18644068 0.37500000
5498  0.19230769 0.8333333 0.04761905 0.29629630
5564  0.33333333 0.8260870 0.11764706 0.66666667
5611  0.65000000 0.5714286 0.38235294 0.12500000
5713  0.34285714 0.8333333 0.00000000 0.13793103
5903  0.41666667 0.7368421 0.11475410 0.39130435
6071  0.54347826 0.6666667 0.19230769 0.40909091
6625  0.44000000 0.7272727 0.11666667 0.41666667
6781  0.59701493 0.1754386 0.97222222 0.73913043
6784  0.46341463 0.7804878 0.07407407 0.33333333
7156  0.34782609 0.4411765 0.43548387 0.00000000
7199  0.41860465 0.7000000 0.18965517 0.31818182
7224  0.40000000 0.8064516 0.22807018 0.28000000
8278  0.60000000 0.7000000 0.37704918 0.30769231
8312  0.38095238 0.8444444 0.05357143 0.47619048
8344  0.69047619 0.5121951 0.44871795 0.25806452
8363  0.41666667 0.7333333 0.05084746 0.20689655
8374  0.76666667 0.3333333 0.75581395 0.48148148
8457  0.37931034 0.8611111 0.03571429 0.21428571
8511  0.24000000 0.8387097 0.01724138 0.23333333
8544  0.51351351 0.7500000 0.12765957 0.33333333
8693  0.45714286 0.7812500 0.09677419 0.32142857
8702  0.36363636 0.8709677 0.07692308 0.23076923
8869  0.93103448 0.4473684 0.67164179 0.26315789
8983  0.46666667 0.6562500 0.20689655 0.30434783
9062  0.67567568 0.4848485 0.42028986 0.11111111
9088  0.41304348 0.5517241 0.27419355 0.32000000
9268  0.39130435 0.7500000 0.11111111 0.12000000
9489  0.11111111 0.8750000 0.04918033 0.29166667
9501  0.43589744 0.7307692 0.08196721 0.35714286
9629  0.41666667 0.7894737 0.06000000 0.15384615
9676  0.43181818 0.7234043 0.23437500 0.45000000
9706  0.28125000 0.6086957 0.32857143 0.27586207
10006 0.71428571 0.8387097 0.31578947 0.42105263
10193 1.00000000 0.5263158 0.62686567 0.45454545
10405 0.52631579 1.0000000 0.15789474 0.57894737
99869 0.62686567 0.1578947 1.00000000 0.72340426
3582  0.45454545 0.5789474 0.72340426 1.00000000
